1 2 0
2 2 0
3 2 0
4 2 0
5 1 0
6 2 0
7 1 0
8 1 0
9 2 0
10 1 0
11 1 0
12 1 0
13 2 0
14 2 0
15 2 0
16 1 0
17 1 1
18 2 2
19 1 0
20 1 0
21 1 0
22 1 0
23 2 0
24 2 0
25 2 0
26 2 0
27 1 0
28 1 0
29 1 0
30 2 0
31 2 0
32 2 0
33 2 0
34 2 0
35 2 0
36 2 2
37 2 0
38 1 0
39 1 0
40 1 0
41 1 0
42 1 0
43 1 0
44 2 0
45 1 0
46 2 0
47 1 0
48 2 0
49 1 0
50 1 0
51 1 0
52 2 0
53 1 0
54 2 0
55 1 0
56 1 1
57 2 0
58 2 0
59 1 0
60 1 0
61 2 0
62 2 0
63 1 0
64 2 0
65 2 0
66 1 0
67 2 0
68 2 0
69 2 0
70 1 1
71 1 0
72 1 0
73 2 0
74 2 0
75 2 0
76 2 0
77 2 0
78 2 0
79 1 0
80 1 0
81 1 0
82 1 0
83 1 0
84 2 0
85 2 0
86 1 0
87 1 0
88 2 0
89 2 0
90 2 0
91 2 0
92 2 0
93 2 0
94 2 2
95 1 0
96 1 0
97 1 0
98 2 0
99 2 0
100 1 0
101 2 0
102 1 0
103 2 0
104 1 0
105 2 0
106 2 2
107 1 0
108 2 0
109 1 0
110 2 0
111 2 0
112 2 0
113 2 0
114 1 0
115 2 0
116 1 0
117 2 0
118 2 0
119 2 0
120 1 0
121 1 0
122 2 0
123 1 0
124 1 0
125 1 0
126 2 0
127 2 0
128 2 2
129 2 2
130 1 0
131 2 2
132 1 0
133 1 1
134 2 0
135 2 0
136 2 0
137 1 0
138 1 0
139 2 0
140 2 0
141 2 0
142 1 0
143 2 0
144 2 0
145 2 0
146 2 0
147 2 0
148 1 0
149 2 0
150 2 0
151 1 0
152 1 0
153 2 0
154 2 0
155 1 0
156 2 0
157 1 0
158 1 1
159 2 0
160 1 0
161 1 0
162 2 0
163 2 0
164 1 0
165 2 0
166 1 0
167 1 0
168 1 0
169 1 0
170 2 0
171 1 0
172 2 0
173 1 0
174 1 0
175 1 0
176 1 0
177 2 0
178 1 0
179 2 0
180 2 0
181 1 0
182 2 0
183 2 0
184 1 0
185 2 2
186 2 0
187 1 0
188 1 0
189 2 0
190 2 0
191 1 0
192 2 0
193 2 0
194 1 0
195 2 0
196 1 0
197 1 0
198 2 0
199 2 2
200 1 0
